14000
10265
5680
5182
5658
11250
6479
5811
0
10000
6000
9633
9954
7947
8063
6958
5067
6348
4273
3110
11348
12960
4300
8441
6493
2833
5174
9410
10809
8744
12900
4653
2444
6331
8748
5611
5070
8052
8576
10668
9594
7247
4745
13000
12295
10346
3673
3234
10154
11722
12200
7521
5679
4996
8278
6371
7260
8823
10513
12609
5886
8136
11474
3227
2262
5587
4589
7115
2249
4365
4836
5812
23219
12875
6767
8067
5773
2798
2668
3797
3092
3339
3997
2614
6289
9209
12012
1611
9587
7510
13436
15514
7112
7231
14187
6558
8985
13196
14096
3086
7588