Date&time: Fri Jun 17 01:36:45 2022


Results:
Mean: 7596.574257
Median: 7231.000000
Std dev: 3753.850317
Variance: 14091392.204882
Number of data collected: 101

Sorted data:
0.000000
1611.000000
2249.000000
2262.000000
2444.000000
2614.000000
2668.000000
2798.000000
2833.000000
3086.000000
3092.000000
3110.000000
3227.000000
3234.000000
3339.000000
3673.000000
3797.000000
3997.000000
4273.000000
4300.000000
4365.000000
4589.000000
4653.000000
4745.000000
4836.000000
4996.000000
5067.000000
5070.000000
5174.000000
5182.000000
5587.000000
5611.000000
5658.000000
5679.000000
5680.000000
5773.000000
5811.000000
5812.000000
5886.000000
6000.000000
6289.000000
6331.000000
6348.000000
6371.000000
6479.000000
6493.000000
6558.000000
6767.000000
6958.000000
7112.000000
7115.000000
7231.000000
7247.000000
7260.000000
7510.000000
7521.000000
7588.000000
7947.000000
8052.000000
8063.000000
8067.000000
8136.000000
8278.000000
8441.000000
8576.000000
8744.000000
8748.000000
8823.000000
8985.000000
9209.000000
9410.000000
9587.000000
9594.000000
9633.000000
9954.000000
10000.000000
10154.000000
10265.000000
10346.000000
10513.000000
10668.000000
10809.000000
11250.000000
11348.000000
11474.000000
11722.000000
12012.000000
12200.000000
12295.000000
12609.000000
12875.000000
12900.000000
12960.000000
13000.000000
13196.000000
13436.000000
14000.000000
14096.000000
14187.000000
15514.000000
23219.000000
